Event 0
-42.105 47.490 -41.926 77.025
-62.771 -54.162 -192.901 209.111
11.124 -6.182 5.985 14.446
Event 1
-11.151 -1.853 29.107 30.998
Event 2
-23.219 20.156 -11.992 32.215
Event 3
-40.358 26.677 -28.541 55.292
35.242 -31.557 53.504 69.312
Event 4
32.135 -19.590 44.939 58.079
-21.494 28.578 -57.590 69.113
Event 5
28.482 35.080 257.713 260.201
-8.787 -8.545 27.886 31.337
Event 6
21.811 -45.520 47.361 66.705
195.137 28.509 88.459 210.704
-17.415 5.581 25.470 31.346
-11.879 3.722 17.206 20.734
Event 7
-10.121 44.579 -86.227 97.603
Event 8
3.189 20.224 184.961 189.590
Event 9
-5.061 -38.757 257.930 261.616
-116.124 71.507 641.460 678.590
12.310 5.607 32.338 34.559
11.303 5.443 27.373 30.067
Event 10
-10.551 -20.416 -20.620 31.239
11.131 7.750 3.902 13.539
